Fire200010,183,0,182,243
Fire200011,366,976,182,243
Fire200012,0,244,182,243
Fire200013,183,244,182,243
Firelvl300008,366,0,182,243
Firelvl300016,366,244,182,243
Firelvl300026,0,488,182,243
Fire200015,183,488,182,243
Fire200017,366,488,182,243
Fire200019,549,0,182,243
Fire200018,549,244,182,243
Firelvl300007,549,488,182,243
Fire200022,732,0,182,243
Firelvl300021,732,244,182,243
Firelvl300001,732,488,182,243
Firelvl300022,0,732,182,243
Firelvl300010,183,732,182,243
Firelvl300020,366,732,182,243
Firelvl300019,549,732,182,243
Firelvl300018,732,732,182,243
Fire200021,915,0,182,243
Firelvl300006,915,244,182,243
Fire200014,915,488,182,243
Fire200020,915,732,182,243
Firelvl300002,0,976,182,243
Firelvl300000,183,976,182,243
Fire200024,0,0,182,243
Fire200023,549,976,182,243
Firelvl300009,732,976,182,243
Fire200016,915,976,182,243
Firelvl300003,1098,0,182,243
Firelvl300004,1098,244,182,243
Firelvl300005,1098,488,182,243
Firelvl300014,1098,732,182,243
Firelvl300012,1098,976,182,243
Firelvl300013,0,1220,182,243
Firelvl300015,183,1220,182,243
Firelvl300024,366,1220,182,243
Firelvl300011,549,1220,182,243
Firelvl300017,732,1220,182,243
Firelvl300023,915,1220,182,243
Fire200025,1098,1220,182,243
Fire200000,1281,0,182,243
Fire200001,1281,244,182,243
Fire200002,1281,488,182,243
Fire200003,1281,732,182,243
Fire200004,1281,976,182,243
Fire200005,1281,1220,182,243
Fire200006,1464,0,182,243
Fire200007,1464,244,182,243
Fire200008,1464,488,182,243
Fire200009,1464,732,182,243
Firelvl300025,1464,976,182,243